adipo1	dermal_MVEC	macro3	tcell3	DC	SmoothMuscle	Neutrophils
0.134070245687685	0.154577936544062	0.0678204604339269	0.143531357334326	0.177700223098436	0.181828785645446	0.140470991256118
0.00719768088301738	0.269356702492706	0.143982115181554	0.0794635014427223	0.216766133689079	0.104370058816106	0.178863807494815
0.184864832342534	0.198776598284279	0.0981797424972911	0.0181788268758964	0.095563796299095	0.208946268036219	0.195489935664686
0.00236907422961796	0.0894606036341541	0.118216418482116	0.289953903654112	0.169843937912147	0.137625627719349	0.192530434368504
0.159519322846931	0.0715093469734979	0.0511949864726138	0.217776343706957	0.18450199536474	0.059679242862619	0.255818761772641
0.192173670649828	0.0094205161348906	0.0878481312122001	0.210557682003082	0.0428691670264335	0.374372883028639	0.0827579499449273
0.122563286981736	0.114009912838968	0.0878365804910527	0.175590219688244	0.0554473423614751	0.254659755191643	0.189892902446882
0.220177928649795	0.15572169254178	0.0707047783883792	0.0533956004200461	0.198797657184718	0.103287887710809	0.197914455104473
0.157337122652087	0.00588590253205372	0.284808547487085	0.0519684273287742	0.203418014049654	0.0781308057444746	0.218451180205872
0.137921787848908	0.0583018162503826	0.145754463406858	0.158021932493852	0.00407017325136323	0.282741073976316	0.21318875277232
0.0461637666209834	0.17406579961876	0.134395272808828	0.145375160951428	0.179451324177788	0.0542899523762148	0.266258723445997
0.081505627205241	0.102009724945884	0.155758504273681	0.160726143575195	0.364241472877233	0.113697416352937	0.0220611107698305
0.165279683122082	0.177844233528901	0.0920431541406301	0.0648329292083874	0.0490174994082485	0.389271319932544	0.0617111806592078
0.327843986299575	0.0595343272057756	0.108485871805139	0.00413581468950975	0.349779486808552	0.00232950508924896	0.147891008102199
0.204134552346647	0.120450255303082	0.0781957047354737	0.0972194876147968	0.127336484670991	0.133151441297393	0.239512074031615
0.18793016730194	0.0214166474589216	0.153685487400554	0.136967697838584	0.101874902105673	0.305876117718354	0.0922489801759734
0.160445730412665	0.172724887506711	0.0504660864162296	0.116363295664394	0.131297323058937	0.185001700100097	0.183700976840965
0.0861080884471203	0.145053768552976	0.136279581946315	0.132558561053589	0.254865178108064	0.0217538187760984	0.223381003115838
0.0371680715336973	0.190314883946451	0.0657678910552433	0.206749153464608	0.151267777530957	0.139473244874902	0.209258977594141
0.176810636141881	0.00212330786966664	0.16653642268935	0.154529633299103	0.0562347930222166	0.192099718200601	0.251665488777183
0.0151975507283795	0.185330528657908	0.0631207685815496	0.236351152032163	0.208974799267611	0.249417677393086	0.0416075233393031
0.0235152050549869	0.288851455625872	0.0767576903707989	0.110875648948342	0.19179417631013	0.0429108695205729	0.265294954169297
0.0120947571027558	0.173834382524803	0.167413546894376	0.146657313478064	0.327246495760453	0.159132930555401	0.0136205736841455
0.187624764965026	0.144654489265647	0.154651083089731	0.0130696626795951	0.284725853349881	0.18539449557932	0.0298796510707991
0.164546010727993	0.102008207561788	0.0104448703788958	0.223000911331323	0.123210761820284	0.0246324978145823	0.352156740365134
0.070284661024309	0.153214706689689	0.121935526828437	0.154565105457565	0.2002995564638	0.207334134960664	0.0923663085755361
0.101244414616832	0.296293178779095	0.089769599274019	0.012692807330054	0.307582860547318	0.175330699120365	0.0170864403323162
0.286157353743286	0.139434132265351	0.072584856062423	0.00182365792894013	0.189431308979306	0.165228629247672	0.145340061773021
0.0405598036685154	0.179019944796761	0.160968106486622	0.119452145048101	0.216191832598105	0.229205292050066	0.0546028753518287
0.160263085006171	0.168266263566943	0.0761465281203416	0.0953241233065448	0.101577278216828	0.316322388926692	0.0821003328564796
0.0403159825875719	0.138290262710134	0.224248779240962	0.0971449754613319	0.109874548361068	0.25353035177366	0.136595099865272
0.0996912860182928	0.132085556974107	0.15879246135054	0.10943069565706	0.229116690223876	0.0356098447220768	0.235273465054048
0.134065200961723	0.108211575056816	0.239134266407474	0.0185889575739873	0.023920745494876	0.218519213054006	0.257560041451118
0.124384411970173	0.139178118802358	0.179284728776933	0.0571527404505361	0.125681184190407	0.33759266312563	0.0367261526839628
0.197217455374552	0.0873009263288706	0.112607064413034	0.102874553883543	0.0900948714828764	0.217827511448822	0.192077617068301
0.209677646604159	0.0913124991573006	0.131257186360611	0.0677526678779291	0.00659229583330815	0.274572710015255	0.218834994151437
0.049277047340209	0.236072958859633	0.0910925677555432	0.123557426044615	0.136315713147751	0.180874761987239	0.18280952486501
0.221221073741891	0.211598867942485	0.00516983597559823	0.0620102223400257	0.0915123007800547	0.128906172229339	0.279581526990606
0.0803465524707447	0.160211030789076	0.127301230230686	0.132141186509494	0.202757440228493	0.0849748954738406	0.212267664297666
0.1889719581624	0.027043433429709	0.20552876202668	0.0784558463812114	0.19901163934535	0.00208631231694561	0.298902048337705
0.161723171800742	0.0811196430678994	0.176609992461437	0.0805471926699211	0.0806245101978315	0.217370969182508	0.202004520619661
0.228439668564571	0.166535710908187	0.0253030608366896	0.0797215596905522	0.238682457764394	0.169420801332744	0.0918967409028617
0.174382504406901	0.0618174459704176	0.15647314764978	0.107326901972901	0.124497724411076	0.206535643063929	0.168966632524995
0.229581619703117	0.066867124222252	0.131470434001622	0.072080822073009	0.149283330874271	0.207112007660991	0.143604661464737
0.143805532044781	0.0107684274084123	0.237928889244301	0.107497151302506	0.376276030716649	0.0450298652066112	0.0786941040767399
0.218087702646933	0.0434253746292736	0.0431626917329013	0.195324230990892	0.16260803365058	0.204556211934898	0.132835754414522
0.179431361625712	0.118945852322781	0.162536643407206	0.0390861426443013	0.0864967285003905	0.126134164699435	0.287369106800175
0.200599366322389	0.147596476706084	0.0493292192226892	0.102474937748838	0.15428422932971	0.142206069611036	0.203509701059254
0.237077549683173	0.141457585472317	0.0681394010073007	0.0533254638372084	0.133618735309655	0.160735228849729	0.205646035840617
0.0489782821931062	0.226513448062748	0.12114011843929	0.103368151304855	0.353860239132825	0.109220214953731	0.0369195459134431
0.0805753050646443	0.187825298718749	0.0905747421924703	0.141024654024136	0.201512311425325	0.170475203840681	0.128012484733994
0.0139105144634222	0.278747975098472	0.0869286002311009	0.120412910207005	0.109748749724736	0.228447035783752	0.161804214491512
0.189178502400853	0.158314186729058	0.0243561110556935	0.128151199814396	0.0878739147172738	0.186910413929706	0.225215671353021
0.100386562102917	0.0802262251726105	0.143581743922622	0.175805468801851	0.12840118578427	0.0942121778059836	0.277386636409746
0.10626052773088	0.0172048407632305	0.177121154310776	0.199413477195114	0.177502308351536	0.142171736446983	0.180325955201481
0.195795152520281	0.029789979266734	0.245795297498543	0.0286195707144415	0.112254988595124	0.342902890657172	0.0448421207477046
0.183508666148217	0.125431833557843	0.0460138925545149	0.145045607739425	0.188524351046113	0.123641246481811	0.187834402472076
0.171920825685182	0.0670407326057273	0.0487533198789733	0.212285121830117	0.164873894489335	0.167068707624533	0.168057397886132
0.0610514455509303	0.209104422463479	0.139067395164637	0.0907767368209538	0.0257080577604532	0.416078499453209	0.0582134427863381
0.0773076125845774	0.175124534114254	0.170921798207652	0.076646055093516	0.257292649898702	0.0197188342665911	0.222988515834707
0.115595303559301	0.249413197128528	0.0258069075515436	0.109184591760627	0.131558906154407	0.237546426041438	0.130894667804155
0.00382996064690521	0.1786045449824	0.149141926252965	0.168423568117729	0.109994702916124	0.142622070822636	0.24738322626124
0.118839070555838	0.134287192584101	0.109526463439371	0.137347273420691	0.27268286816358	0.201034348166964	0.0262827836694555
0.167418506482439	0.0519533812489788	0.143794229897427	0.136833882371155	0.157863398980807	0.294048115542478	0.0480884854767146
0.154189780562885	0.0704091763353996	0.0745435611011231	0.200857482000592	0.323436283292092	0.169886019041655	0.0066776976662527
0.266293426064673	0.0577802930663462	0.0419051878342741	0.134021093034707	0.246244618877994	0.128362228436605	0.125393152685401
0.249008402660829	0.0229185160504137	0.166290198871962	0.0617828824167948	0.0017508040781948	0.0576499260657793	0.440599269856026
0.104808123519343	0.144585156827386	0.148249268468923	0.102357451184349	0.16354930767993	0.181825931696919	0.154624760623151
0.134384661507067	0.00527771272269703	0.223844313483487	0.136493312286749	0.166205335348069	0.244773561386661	0.0890211032652704
0.1951283469711	0.0195177119489709	0.216782725780894	0.0685712152990345	0.244557641858754	0.218798729207104	0.0366436289341422
0.0901610812914686	0.223635087444827	0.0387159361690247	0.14748789509468	0.19402562137947	0.12772999416796	0.17824438445257
0.22275956467671	0.127156699567245	0.0265295030301717	0.123554232725873	0.126384363422218	0.0396185682941778	0.333997068283604
0.207720743694785	0.182585695276583	0.0843820595481414	0.0253115014804902	0.0553890257999948	0.215893721578598	0.228717252621407
0.0939491478095897	0.185161598348844	0.0319657891346221	0.188923464706944	0.147463652274262	0.111482407949808	0.24105393977593
0.166304288247898	0.0792553790823498	0.196860974695151	0.0575793579746019	0.0813811418796125	0.206348922399619	0.212269935720768
0.142107460338059	0.0555067566861535	0.276550101372035	0.025835681603753	0.242096335337202	0.0291983227915198	0.228705341871278
0.0834430941605996	0.323324881700991	0.0692074041221855	0.0240246200162243	0.100680173442649	0.252838198330038	0.146481628227313
0.145482830245235	0.111463559412152	0.146448789051871	0.0966048212907416	0.16205286517174	0.255859843326167	0.0820872915020928
0.00126500688379144	0.129282035949838	0.110229154344083	0.259223802822287	0.116399978048424	0.0184551639719956	0.36514485797958
0.0164327906076052	0.276774260024521	0.123155524945318	0.0836374244225555	0.15655496808852	0.20681002814426	0.13663500376722
0.121147951102845	0.17533009093908	0.105407869794725	0.0981140881633504	0.0171111571341718	0.24218126646783	0.240707576397999
0.0776115885232078	0.159517219107428	0.132756321950647	0.130114870418717	0.234439686689128	0.17842701945459	0.0871332938562817
0.134349669768795	0.0161455047584859	0.190176262845293	0.159328562627426	0.138261653952616	0.16261773050615	0.199120615541235
0.222611098556336	0.138013939144467	0.0819414282028544	0.0574335340963429	0.135735492593752	0.161777292423631	0.202487214982617
0.000570907876191364	0.147686168366751	0.2475476158981	0.104195307858957	0.146292776756203	0.180909709414622	0.172797513829175
0.0597819800271686	0.150516063818096	0.0789238890238457	0.21077806713089	0.0778386900980059	0.20338509348809	0.218776216413904
0.0564246206106261	0.197829370962444	0.237823157793477	0.00792285063345307	0.245556995421137	0.0148894685619751	0.239553536016888
0.151243394872609	0.093901571358276	0.121710203047327	0.133144830721787	0.117940652391818	0.324878257308918	0.0571810902992644
0.059404096286044	0.151474593406604	0.0690864927677939	0.220034817539559	0.124054204637134	0.164622852417345	0.211322942945521
0.101923271625504	0.187524385321596	0.077097873958936	0.133454469093964	0.172759250085972	0.290987705762588	0.0362530441514401
0.117805634859987	0.135137674619679	0.0717205724147301	0.175336118105604	0.316116913909495	0.0569961806335031	0.126886905457002
0.0936314168542914	0.125138614146499	0.139652132695987	0.141577836303223	0.203941938312176	0.120141164339998	0.175916897347826
0.0540500768470271	0.319038722782885	0.0874233649605516	0.0394878354095362	0.133554247613738	0.00418249698046682	0.362263255405796
0.0801735405557713	0.328467750830284	0.0635832582399491	0.0277754503739961	0.070095495112251	0.164759693825344	0.265144811062405
0.156645603656975	0.214956738396063	0.00461932903968965	0.123778328907272	0.0973842900797655	0.202111217444146	0.200504492476089
0.217211521314481	0.093753556008525	0.119395563363587	0.0696393593134068	0.0704377913273644	0.394412419528811	0.0351497891438244
0.138613835299251	0.215681891266546	0.121774851730277	0.0239294217039263	0.0558034297756418	0.240882016159035	0.203314554065323
0.129494494869907	0.0731924088919571	0.184875114022091	0.112437982216045	0.0621298901782788	0.203471056000017	0.234399053821704
0.0183914103010355	0.130141449931422	0.183588315386353	0.16787882438119	0.0587372832501915	0.238312764714451	0.202949952035358
0.0378892102005426	0.0487531891835961	0.156022212532511	0.25733538808335	0.0699994392475851	0.261180331675836	0.168820229076579
0.183991332815753	0.162349570497659	0.115467485942452	0.0381916107441363	0.10432729640206	0.160744477079252	0.234928226518688
0.0373274909817266	0.149770952452426	0.157823176700432	0.155078379865416	0.187172852111057	0.108725371282344	0.204101776606598
0.227874044430989	0.123307432600603	0.14609104125444	0.00272748171396722	0.134047492288774	0.118330966339694	0.247621541371532
0.221423178433877	0.118689807148967	0.15170185124062	0.00818516317653542	0.214499253341646	0.233037782445712	0.0524629642126415
0.0810698681289078	0.0585632459123636	0.239953494695529	0.1204133912632	0.00305339870810916	0.337138874090653	0.159807727201238
0.0843769584656289	0.138653479881707	0.133426212934034	0.14354334871863	0.137825848213683	0.308209048347076	0.0539651034392412
0.206990560865504	0.0353035513339029	0.0429901370033742	0.214715750797219	0.202954544055882	0.200524000530001	0.0965214554141167
0.14694643572322	0.0515470570925904	0.190475566917496	0.111030940266693	0.160620916377868	0.115808000973916	0.223571082648216
0.232712316283676	0.016795710834025	0.0685528013543783	0.18193917152792	0.202502436211613	0.125331599773516	0.172165964014871
0.152921622540687	0.0889087809060803	0.132957277564697	0.125212318988535	0.147679838906366	0.184054143605477	0.168266017488157
0.0276936478195243	0.182531362228663	0.194022746473064	0.0957522434787491	0.0555409977373433	0.227926867767022	0.216532134495634
0.120294342670109	0.157365572686661	0.0160194028035475	0.206320681839683	0.172584967806147	0.139886781945896	0.187528250247957
0.19881371552162	0.0213656854617595	0.196464474676178	0.0833561243404427	0.0328643693598348	0.247063963318063	0.220071667322102
0.126661457220886	0.21272314688824	0.142353689760443	0.0182617061304307	0.0723551673058178	0.326287144193384	0.101357688500798
0.150690886074305	0.164840376260646	0.100752056882325	0.0837166807827248	0.180754423401878	0.0228589640710935	0.296386612527028
0.0644227118846401	0.123878990145175	0.247502673937197	0.0641956240329885	0.0624884072766923	0.377676299672725	0.0598352930505828
0.138302720415071	0.0884614881316349	0.126917145340359	0.146318646112935	0.0223747337903404	0.262462028347827	0.215163237861832
0.159305322708616	0.104483603615046	0.132417981643175	0.103793092033163	0.161201914516153	0.152303332297481	0.186494753186367
0.185242664957712	0.0419386831449819	0.165352222244799	0.107466429652507	0.303775374585896	0.0236615909334376	0.172563034480666
0.0453660882646731	0.134669727492049	0.144335231866566	0.175628952376712	0.145748003775547	0.175423797359739	0.178828198864715
0.264824549732727	0.0416691759001953	0.0622637264728266	0.131242547894251	0.173701893191012	0.112192031090525	0.214106075718462
0.168867639185229	0.224147086370729	0.00214839475318131	0.104836879690861	0.191912336988823	0.192617308126993	0.115470354884184
0.114198226602509	0.169716607655228	0.132966937805852	0.0831182279364108	0.193023083713819	0.0825748695707504	0.224402046715431
0.0315800530833103	0.227082042679169	0.029509515037478	0.211828389200042	0.12025203931585	0.312072874693112	0.0676750859910386
0.159813589020232	0.0919993212878785	0.104242531977515	0.143944557714374	0.0214573996674529	0.242018095249186	0.236524505083361
0.140243592578947	0.142412032257783	0.0999922003998028	0.117352174763467	0.37245799789694	0.101330111749644	0.0262118903534158
0.171607310123168	0.11733183896403	0.105046650294701	0.106014200618101	0.0160684477983871	0.1257452429654	0.358186309236213
0.135589563812281	0.273925391990423	0.0426515519808169	0.047833492216479	0.138569214851671	0.173280149065976	0.188150636082354
0.120114835589959	0.0644684560221963	0.172158227961171	0.143258480426674	0.103684464530903	0.360665072945513	0.0356504625235838
0.105345148057426	0.0897668225450969	0.16269617318724	0.142191856210237	0.159226459298022	0.218970125048466	0.121803415653512
0.181729412459495	0.114130558919695	0.132127808023672	0.0720122205971385	0.15616839291011	0.333781909976088	0.0100496971138019
0.0991894662569692	0.27182400968778	0.00255881339191777	0.126427710663333	0.250251555587664	0.103308862198598	0.146439582213738
0.138152455752306	0.0500937554428117	0.138389406390442	0.173364382414441	0.20417264270981	0.198540815655757	0.0972865416344324
0.199246249820773	0.201171178998802	0.0830859275159653	0.0164966436644593	0.149774050019252	0.182238795033405	0.167987154947343
0.146287494019174	0.19003693399222	0.030210160702533	0.133465411286073	0.219335594934719	0.0958104351400355	0.184853969925246
0.167241438716613	0.140265320789076	0.107433053737921	0.0850601867563908	0.112986551581846	0.326495207707232	0.0605182407109221
0.0380991303417097	0.152540933850403	0.166134477446098	0.143225458361789	0.14163228122563	0.087320282734045	0.271047436040325
0.1786850641795	0.0149808937823119	0.269212854681922	0.0371211873562669	0.244223639552656	0.101003099905528	0.154773260541816
0.149970817888909	0.0231905711427873	0.0649664785068294	0.261872132461475	0.225906207309083	0.0170394913743597	0.257054301316558
0.135981462193937	0.0125820036691876	0.141426147015373	0.210010387121502	0.146062597920539	0.173653344469259	0.180284057610202
0.141676306844308	0.00705200138952249	0.203585655034475	0.147686036731694	0.0994629908315902	0.241121187131586	0.159415822036824
0.114181334456049	0.156076758404548	0.164773919675783	0.0649679874636195	0.0886538083335214	0.162973024095722	0.248373167570756
0.0174196323562974	0.01330163267804	0.118402182452466	0.350876552513196	0.0311927413515609	0.185751251276708	0.283056007371731
0.00895938397380698	0.20479566414804	0.0824778216370373	0.203767130241116	0.183404077137889	0.288365296501225	0.0282306263608855
0.0874397743042572	0.177553265513662	0.17373041021931	0.0612765499627705	0.267992227632	0.0172945411539815	0.214713231214018
0.109330860341697	0.113256544136932	0.218675767217795	0.0587368283035756	0.156333687943069	0.133234807700633	0.210431504356298
0.0904073705458431	0.124300097170706	0.125496449015339	0.159796083268111	0.0529714902012035	0.260316209287059	0.186712300511738
0.139923511520611	0.13100963928453	0.196973034577285	0.0320938146175745	0.156685731919488	0.204443095849875	0.138871172230636
0.11478952880714	0.154107978362208	0.0344114102085227	0.19669108262213	0.175923510995373	0.0951800369313427	0.228896452073285
0.298011732204354	0.0193811190220668	0.0293889097112909	0.153218239062289	0.227274939508704	0.230100604830812	0.0426244556604839
0.0823480433170075	0.107623607642607	0.151917948164699	0.158110400875687	0.229444298972824	0.132197407108783	0.138358293918393
0.0303900977831419	0.0650543413214334	0.228072600967301	0.176482959928124	0.236408074286738	0.131974394430653	0.131617531282609
0.0808770170468673	0.0330191373626322	0.200868735108339	0.185235110482162	0.245279342471297	0.199539560901328	0.0551810966273749
0.103510549877406	0.0417475275602433	0.169903439830232	0.184838482732119	0.0700690550974885	0.275411402391087	0.154519542511425
0.101895036502747	0.109539199647772	0.0876283245836484	0.200937439265833	0.195170634761349	0.246831076660601	0.0579982885780505
0.0922486802815792	0.255835757247067	0.00953280608469335	0.14238275638666	0.15209052965347	0.207913322566594	0.139996147779936
0.0226852518331256	0.101424995147439	0.241573043146774	0.134316709872662	0.42648461932547	0.0164487481404639	0.0570666325340665
0.122469265225083	0.100458935817078	0.155272281688322	0.121799517269518	0.155789954925256	0.231133915501325	0.113076129573419
0.0932032573758845	0.0800776819043666	0.17863295121575	0.148086109503999	0.0444036698235218	0.165892046402079	0.289704283774399
0.0557700718887833	0.0400551196510077	0.255475708891026	0.148699099569183	0.201421409044104	0.145453098548093	0.153125492407803
0.211678571286899	0.0368540039884926	0.161837953271362	0.0896294714532465	0.135603920263599	0.127057912715811	0.23733816702059
0.175194641800237	0.16442817184966	8.28777585574028e-05	0.160294308591545	0.0873970139365545	0.130458601359262	0.282144384704183
0.0195994268540392	0.240956782091305	0.170809994745639	0.0686337963090166	0.145692386238133	0.157088175497193	0.197219438264674
0.00584285145569154	0.16687844111358	0.142906625024044	0.184372082406684	0.266928626898571	0.0976096712522972	0.135461701849132
0.0994849012676696	0.13998771946633	0.113588150990518	0.146939228275482	0.155503923291342	0.20262470808534	0.141871368623319
0.0366964267836375	0.146244288737273	0.13725404001847	0.17980524446062	0.158815427848809	0.112117468140836	0.229067104010355
0.168159313921863	0.00839959237144659	0.122701210849413	0.200739882857277	0.0566874895299216	0.0522108032371742	0.391101707232904
0.117498027502556	0.0584337583932741	0.0875484229819934	0.236519791122176	0.215458732339551	0.2231942014294	0.0613470662310483
0.113197591061936	0.152178376045321	0.0921601556658038	0.142463877226939	0.182494029614704	0.0718574530316704	0.245648517353625
0.0836787234572784	0.143810802205582	0.0726639254221986	0.199846548914941	0.0962322027053428	0.317041367067089	0.0867264302275684
0.14579571446985	0.109473965224624	0.106512927550418	0.138217392755108	0.104191066239623	0.198647292584421	0.197161641175956
0.159517958346142	0.218746109356594	0.118849477797919	0.00288645449934454	0.133902329992647	0.169096185504946	0.197001484502406
0.17568599844613	0.204144872502464	0.064182039603139	0.0559870894482671	0.296296457435675	0.0903321558683471	0.113371386695977
0.116090306479047	0.118272666204487	0.12942498108254	0.136212046233926	0.223062950324721	0.163867806745738	0.113069242929542
0.261695095326993	0.0165402562281169	0.06468532302826	0.15707932541663	0.0544173923160358	0.0683927843432083	0.377189823340756
0.20770850138682	0.197278520441201	0.0150843569935138	0.0799286211784651	0.0760825730520982	0.219788148156065	0.204129278791837
0.106188599263586	0.097275925953654	0.200084157160691	0.0964513176220691	0.418539726519503	0.0799560005944995	0.00150427288599728
0.0540696565610547	0.171516981005605	0.25196009232242	0.0224532701109208	0.112052154010449	0.23603264875992	0.151915197229631
0.160874750733165	0.027225821493033	0.260516289031474	0.0513831387423277	0.0732824063769988	0.121244226617	0.305473367006002
0.12752759812239	0.096254139256697	0.0284152873124891	0.247802975308424	0.210119491692846	0.115228102948854	0.1746524053583
0.0785354123224793	0.0552861508528969	0.187764345553499	0.178414091271125	0.206007219937341	0.112697969044927	0.181294811017731
0.242049335227207	0.038553211890317	0.107397949337818	0.111999503544657	0.0812274437400068	0.284522971070465	0.134249585189528
0.0244316928314957	0.17485609946153	0.150678584378511	0.150033623328464	0.107432014548899	0.285477566071804	0.107090419379297
0.112998168492885	0.148687337440748	0.130648330108677	0.107666163957689	0.143671619985275	0.176254897378551	0.180073482636174
0.160904179887594	0.0231777788907515	0.172482748501815	0.143435292719839	0.030606783527833	0.240468200561041	0.228925015911126
0.248091211803079	0.18857829882441	0.056391747190032	0.00693874218247936	0.065133028430017	0.320570969524963	0.11429600204502
0.0273711711319737	0.0965008343990235	0.370155963448409	0.00597203102059427	0.139714697825469	0.0480814903691856	0.312203811805346
0.220101105093137	0.0220959183973543	0.153646688059582	0.104156288449927	0.0867910251692946	0.0412283183401864	0.371980656490519
0.221228085851437	0.196600012058893	0.0594211896862662	0.0227507124034036	0.160681232052605	0.167997102175327	0.171321665772068
0.182320513339956	0.0600683252895826	0.0777835951371811	0.179827566233281	0.0970065560499957	0.270236921652267	0.132756522297738
0.1684615519547	0.116362669380868	0.166964852139713	0.0482109265247182	0.127610070795564	0.235020638642214	0.137369290562221
0.125217942527614	0.141200555092241	0.0120343221992901	0.221547180180855	0.210665588803129	0.139767527595056	0.149566883601816
0.155463154939683	0.036624006043368	0.16649529542295	0.141417543593999	0.0371418167112148	0.230543025342924	0.232315157945861
0.0147064117319484	0.182495877784329	0.183071788904471	0.119725921579252	0.226799958920914	0.204085601827785	0.0691144392513009
0.0917788299733036	0.112413579224328	0.186406748779007	0.109400842023361	0.159988060397109	0.188105337035984	0.151906602566908
0.131226325772742	0.103901219252665	0.208721413833716	0.0561510411408766	0.0405897985057271	0.101385452899803	0.35802474859447
0.159475234376756	0.0704437901549742	0.182560530356812	0.0875204451114578	0.267045883235019	0.0821505297747284	0.150803586990253
0.103293643103191	0.161728044544796	0.089295223130252	0.145683089221761	0.242795381762742	0.161492553939935	0.0957120642973231
0.0405935878660139	0.0681164779621209	0.100297083875557	0.290992850296308	0.00475973319267998	0.459990351676603	0.0352499151307166
0.152384042939518	0.149303057778339	0.193706010218264	0.00460688906387937	0.126819599121317	0.0103434153306361	0.362836985548046
0.173848013792194	0.160482788323853	0.111178712321499	0.0544904855624537	0.0125499520272566	0.444282733582412	0.043167314390331
0.016253945381145	0.0678222220646669	0.142645457967135	0.273278374587054	0.232647083688958	0.172038006176452	0.09531491013459
0.0894240768257346	0.148849180530067	0.1440548667354	0.117671875908799	0.141156085536611	0.127972751888263	0.230871162575126
0.119379021586853	0.152178063076627	0.133396438337775	0.0950464769987439	0.0652090433642993	0.291604086320964	0.143186870314736
0.0278164651511133	0.143465921829985	0.225931087647577	0.102786525371325	0.0305657863924905	0.369938016456502	0.0994961971510076
0.119548998372784	0.186310555756046	0.0902417397193116	0.103898706151858	0.201802746935342	0.294034015270654	0.00416323779400392
0.0328829210813183	0.0291790889717366	0.300551344351681	0.137386645595264	0.20712692579036	0.278052594646004	0.0148204795636363
0.235561040420152	0.163621172267884	0.0921267606601896	0.00869102665177455	0.145733878940042	0.323301129487675	0.0309649915722833
0.12377416542891	0.0619452609435334	0.234429651543632	0.0798509220839243	0.0248090706543674	0.273739802806905	0.201451126538728
0.188400364018612	0.166272256874095	0.0845628480528673	0.0607645310544252	0.0752233214134355	0.262175924791246	0.162600753795318
0.154908227409293	0.129010285116207	0.157889374267967	0.0581921132065334	0.298381547984055	0.0111162336949675	0.190502218320978
0.11862786525826	0.279731020023531	0.0474910635849629	0.054150051133246	0.231244488590783	0.200135824262541	0.0686196871466753
0.18052084946493	0.131957098085482	0.181624162194025	0.00589789025556284	0.269883183319481	0.0109542298404777	0.219162586840041
0.137373317162363	0.0435589452882748	0.3120467675673	0.00702096998206198	0.0138843374579805	0.227949211110876	0.258166451431144
0.141393532406548	0.207050638244441	0.0939625936385797	0.0575932357104315	0.0922165820790264	0.221773902108056	0.186009515812917
0.218818465941068	0.142960421692039	0.111247523631753	0.0269735887351398	0.19406796984491	0.270361850084452	0.0355701800706378
0.0169858531594309	0.0375169361525486	0.161733872949272	0.283763337738748	0.0300215141688921	0.441910195958135	0.0280682898729726
0.137264868801937	0.148526334200805	0.108159654951067	0.106049142046192	0.310099503147194	0.090759671245972	0.0991408256068342
0.0512108249157831	0.0571538874571421	0.287323203023801	0.104312084603274	0.117715316047781	0.223334314572877	0.158950369379342
0.150448648819402	0.122532046943638	0.0903979267050978	0.136621377531862	0.242020607630771	0.103639960492871	0.154339431876358
0.016040725295913	0.147776261442389	0.200731142226182	0.135451871035516	0.189618318162213	0.183988084928936	0.126393596908851
0.049313418541856	0.188318806591568	0.201668939942512	0.0606988349240644	0.0558499316516327	0.202605894998583	0.241544173349784
0.0720562407112794	0.214537162954361	0.108541548116331	0.104865048218028	0.103046697353899	0.195438530222286	0.201514772423815
0.167455298960673	0.0112454666508148	0.0495024523170684	0.271796782071444	0.266829296850758	0.114235622865732	0.11893508028351
0.226320791769675	0.0427294613293647	0.091039242214526	0.139910504686435	0.14452809995709	0.151154429668796	0.204317470374114
0.0968421247455931	0.165886074901275	0.125709199278747	0.111562601074385	0.00339397648358711	0.126392128422766	0.370213895093647
0.121541634629743	0.151046147024877	0.155294462976682	0.0721177553686994	0.275222188962008	0.139264337077788	0.0855134739602046
0.0888634445887719	0.04937355987805	0.131201375322367	0.230561620210811	0.378214065839467	0.00162550199968198	0.120160432160851
0.00907862746606023	0.201823818675208	0.135412140544194	0.153685413314538	0.06004197177841	0.208777397213307	0.231180631008283
0.0440003923760581	0.125762075283355	0.199083646557059	0.131153885783528	0.155504693949915	0.253829098663375	0.0906662073867101
0.101338302231504	0.0856198795479285	0.132585704889026	0.180456113331541	0.225713275023983	0.265740242112182	0.00854648286383447
0.125938380602005	0.0528302833205204	0.0446979376467975	0.276533398430677	0.162540431231852	0.23736695447996	0.100092614288187
0.0863459342875285	0.189604966211563	0.128134224288861	0.0959148752120474	0.129928533757951	0.0028222099013114	0.367249256340737
0.18106124556296	0.0216397956249336	0.179434711735403	0.117864247076704	0.281483703279982	0.122310496918225	0.0962057998017934
0.246447150462102	0.0316566069762123	0.198337673712616	0.0235585688490694	0.159685513123922	0.105818849383728	0.23449563749235
0.143721050805691	0.11066082976204	0.0943542943246536	0.151263825107615	0.0275455696570103	0.156442489228609	0.316011941114381
0.175792594737685	0.00598706967292052	0.197805633036921	0.120414702552474	0.219868653612422	0.160794190655421	0.119337155732157
0.226446516182886	0.117085315027007	0.0757431159234358	0.0807250528666715	0.163736518696749	0.278863586799648	0.0573998945036032
0.422657341957237	0.0372142994645331	0.0239537889133512	0.0161745696648784	0.154332238987563	0.281823737242653	0.0638440237697846
0.204202669173849	0.135006433562837	0.0642795578140074	0.0965113394493066	0.434229636067097	0.0525014938115183	0.0132688701213848
0.0852997889234173	0.126300284996072	0.180417507460323	0.107982418620188	0.147977751563521	0.176020987594768	0.176001260841711
0.0860361229684258	0.225107844032416	0.0120493456870086	0.176806687312149	0.154849784389513	0.138321946560775	0.206828269049711
0.199219608903075	0.113330066868925	0.0466560704090926	0.140794253818908	0.0923640490225978	0.19617532950099	0.211460621476412
0.169935448072354	0.119229650739702	0.0667780610712924	0.144056840116651	0.246867090547753	0.000742675815781655	0.252390233636466
0.0288135747697201	0.181982030126715	0.120286522785957	0.168917872317607	0.189114220452486	0.131011428800515	0.179874350746999
0.174636798843819	0.100219653091215	0.0659941370626782	0.159149411002288	0.161338471691186	0.117547613023801	0.221113915285013
0.0243817483729351	0.121306029498233	0.16845410493837	0.185858117190461	0.231801366244472	0.122294954600139	0.145903679155389
0.279737888836221	0.0262430362254784	0.104613606595773	0.0894054683425276	0.06332715795028	0.135401307843082	0.301271534206638
0.206303563369991	0.0979455789604491	0.117163676538856	0.0785871811307038	0.262110079290127	0.21218965952313	0.0257002611867438
0.0358953106344903	0.280874308758244	0.071330365876901	0.111900014730365	0.21190138718876	0.206116729330954	0.0819818834802865
0.193773283886139	0.177440802773247	0.0955405946209376	0.0332453187196759	0.153668909873613	0.252402663034974	0.0939284270914131
0.113842572546041	0.119062765946877	0.235726173335902	0.0313684881711804	0.0580426043297964	0.219614118852752	0.222343276817452
0.0421478086221084	0.180410019787049	0.122172155657227	0.155270015933616	0.196194377225013	0.124861389802079	0.178944232972908
0.0515365718650174	0.127864467467448	0.189143957375767	0.131455003291769	0.0491058500441531	0.0556287918154631	0.395265358140384
0.17476988127089	0.0928817844391698	0.198413978647376	0.0339343556425644	0.0863971338951252	0.24829663346186	0.165306232643014
0.128845469245893	0.0382338620737108	0.255355651447255	0.0775650172331412	0.0107273889200799	0.34484670045009	0.144425910629831
0.11025390647394	0.124083297772469	0.139421099313172	0.126241696440418	0.178259969984671	0.040396530047094	0.281343499968235
0.0775614252579845	0.176848228100086	0.0950574511537252	0.150532895488205	0.124881903765188	0.169583382325784	0.205534713909028
0.126789573887332	0.170377473291906	0.0187341014878128	0.184098851332949	0.154969013663014	0.162174429960603	0.182856556376383
0.191528802598913	0.181323570846624	0.0160751297263437	0.111072496828119	0.16551137939602	0.167518266562255	0.166970354041725
0.13987273147591	0.0848666820528059	0.0174018285117802	0.257858757959504	0.0369893170989102	0.066581857235034	0.396428825666056
0.0844570716657663	0.159766038098287	0.144983662684598	0.110793227551348	0.123444877705917	0.276991439631605	0.0995636826624786
0.25093052871895	0.0441743420168139	0.0294149194315907	0.175480209832646	0.125889496880482	0.0903618358910794	0.283748667228439
0.202848745720017	0.0883440520520373	0.173232203776494	0.0355749984514513	0.0826795379784563	0.379881281231075	0.037439180790469
0.200659587069281	0.0661775372579398	0.0493222922323628	0.183840583440416	0.0821663991279941	0.0178151498960229	0.400018450975983
0.0794081044012584	0.1516608209203	0.238257559234551	0.0306735154438899	0.0530245324592457	0.26173003260909	0.185245434931664
0.0418118936542435	0.179387438091019	0.0078943678488209	0.270906300405917	0.318351652134577	0.0613626202699053	0.120285727595518
0.085915266412419	0.190164383420324	0.033958353433241	0.189961996734016	0.1820405263313	0.0213485061048228	0.296610967563877
0.120246376858893	0.0455180034678326	0.131681836020344	0.20255378365293	0.173428718184845	0.206992957423424	0.119578324391731
0.185563853649306	0.15973919404215	0.140056257159111	0.0146406951494335	0.299066353329791	0.172399437845322	0.0285342088248869
0.135852863789625	0.0334823139804191	0.159722785922595	0.170942036307362	0.00865225545120958	0.25876400963425	0.23258373491454
0.198560011717622	0.00505686189097443	0.0617508409143299	0.234632285477073	0.248506709068237	0.0291399977564309	0.222353293175332
0.199194650155617	0.14602397515424	0.0532061616735088	0.101575213016634	0.309436178626141	0.176157588024251	0.0144062333496077
0.112318263840516	0.101071903985765	0.111497085959594	0.175112746214126	0.107936154939876	0.246409721839474	0.14565412322065
0.212147151829204	0.0836700410351527	0.146400750334728	0.0577820568009156	0.105705787470161	0.112214209275014	0.282080003254825
0.0775177888730634	0.157675195817703	0.156776004400864	0.10803101090837	0.236370913137743	0.101433181464229	0.162195905398028
0.13553095432173	0.280940236868122	0.0176720144426736	0.0658567943674746	0.165910695445151	0.154560539435654	0.179528765119195
0.20129757416563	0.136437068228445	0.103041132404957	0.059224225200969	0.230244978716201	0.182708160526895	0.0870468607569046
0.130757921229447	0.0681835867211096	0.103421878352811	0.197636613696632	0.15814273316384	0.175804858388512	0.166052408447648
0.185387677307904	0.10284316474231	0.173957528882213	0.0378116290675729	0.29918838298627	0.161687247816502	0.039124369197228
0.104534208689948	0.0146146949636131	0.266108458047268	0.114742638299171	0.128079058188858	0.188368149561838	0.183552792249303
0.0514985303966013	0.192781546396495	0.184919400764422	0.0708005224424818	0.276190325989693	0.153947958472886	0.0698617155374212
0.061698609883762	0.186434987767713	0.061968030404993	0.189898371943533	0.43932383468775	0.0241190880399622	0.0365570772722873
0.111894871385414	0.0600491393313663	0.184257606202522	0.143798383080698	0.029185100966873	0.0623913850729471	0.40842351396018
0.130574189700265	0.133998694887905	0.10472219978273	0.1307049156291	0.226717836792618	0.154644398725828	0.118637764481554
0.130223484626805	0.207965130779565	0.0233672966396392	0.13844408795399	0.0434202641334086	0.129192596696263	0.327387139170328
0.054340685525939	0.201397586990007	0.126307126823479	0.117954600660575	0.184761744559523	0.096418007082223	0.218820248358254
0.0406836544734291	0.19135052681769	0.120245897798703	0.147719920910178	0.0465544650642007	0.451650036169105	0.0017954987666946
0.0895659818758956	0.0034220691503356	0.19482573024536	0.212186218728409	0.069186838031633	0.0781020817705396	0.352711080197827
0.275229948780118	0.186096959297102	0.0348561215920472	0.00381697033073283	0.151818612926319	0.240832434288467	0.107348952785214
0.0498779774271184	0.0285917906220261	0.233460219315847	0.188070012635009	0.312416663540728	0.0610123763537888	0.126570960105483
0.128276412534518	0.133030573532019	0.22729282991822	0.0114001840152432	0.20247581528556	0.169992609605422	0.127531575109017
0.0861844737524817	0.138296208521953	0.127484448839104	0.148034868886462	0.0350301686922257	0.259152789206545	0.205817042101229
0.0365188566938968	0.0300703762853142	0.171698021171669	0.26171274584912	0.133335122489456	0.301136236469949	0.0655286410405951
0.0518684381455521	0.0693320338962072	0.301052843642355	0.0777466843158856	0.176685862887119	0.263371991715636	0.0599421453972452
0.158106798463686	0.0841919820052709	0.2448888144479	0.0128124050831428	0.243631138321643	0.0703555995781249	0.186013262100232
0.0871767897603302	0.373593638755409	0.0160360188451738	0.0231935526390872	0.0320342206942631	0.332452872040654	0.135512907265083
0.167940875727265	0.0919057091101083	0.196336416578377	0.0438169985842498	0.0335970713305705	0.00375104775873683	0.462651880910693
0.159718123489038	0.151851725307941	0.11162590525043	0.0768042459525917	0.00104970209184139	0.247677622438797	0.251272675469362
0.197181784056361	0.150564762601013	0.0813726950571977	0.0708807582854284	0.197849152602037	0.0982061868254249	0.203944660572538
0.129131456967432	0.143589525959266	0.0738883880197301	0.153390629053572	0.0238094642932595	0.305582060450559	0.170608475256181
0.0190661294647945	0.245682620352337	0.0106975092105776	0.22455374097229	0.368940554017503	0.0710919220042721	0.0599675239782253
0.177092779171308	0.174740312757633	0.085451294897796	0.0627156131732625	0.245206251646305	0.212162258530725	0.0426314898229692
0.135098944093147	0.0846885832897555	0.202097657690118	0.0781148149269792	0.132038483415099	0.0523390140675371	0.315622502517364
0.131060433423498	0.178660827260758	0.176133920290545	0.0141448190251993	0.30417643281815	0.131657499357406	0.0641660678244436
0.192865644808578	0.0761616430349784	0.121101834443589	0.109870877712854	0.229261854185226	0.264671227414486	0.00606691840028759
0.258372157667053	0.172304921828786	0.00249797335059386	0.0668249471535668	0.382728709104127	0.00197282974528185	0.115298461150591
0.16980262072639	0.0493201361148192	0.235625750428636	0.0452514927301546	0.0425322664765477	0.318683487134768	0.138784246388684
0.201073963501258	0.0769238783269649	0.0342580342846299	0.187744123887147	0.24725587258817	0.115229984845484	0.137514142566347
0.122848979197983	0.129493738916256	0.0553417493697175	0.192315532516044	0.0167248400075228	0.302259553883867	0.18101560610861
0.134709193074581	0.0543460077266972	0.282860094144371	0.0280847050543506	0.238961593628522	0.137998390501387	0.123040015870091
0.0726047099371285	0.138511819053832	0.06388343809305	0.22500003291599	0.200474506017438	0.0848439221219639	0.214681571860598
0.144581469764325	0.0932887474254865	0.122637327114298	0.13949245569589	0.0563011365426374	0.19016360215781	0.253535261299552
